1255209188 5437
1255209455 5428
1255215296 10868
1255373922 11550
1255374143 11551
1255557222 14886
1255559244 14920
1255645823 14967
1255809833 14984
1255810803 14987
1255811261 14986
1255814034 15035
1255815334 15040
1255816670 15074
1255985253 15086
1255991552 15108
1255998555 15115
1255999381 15112
1256000004 15091
1256156426 15101
1256157907 15134
1256158641 15136
1256159188 15154
1256160384 15155
1256244869 15126
1256248104 15129
1256335747 15645
1256336176 15645
1256336957 15645
1256377344 15647
1256383417 15640
1256417511 15650
1256419937 15658
1256420438 14603
1256509616 14615
1256510069 14615
1256833684 14621
1256833789 14633
1256843456 14639
1256849409 14613
1256850080 14658
1256853234 14696
1256853574 14696
1256854816 14696
1256855028 14687
1257373736 14729
1257374338 14729
1257453341 14730
1257458249 14784
1257629380 14787
1257630306 14788
1257630776 14792
1257633668 14976
1258218357 15015
1258927819 15074
1259009055 15074
1259356223 15091
1259358458 15096
1259358820 15101
1259364252 15102
1259531543 15634
1259532071 15637
1259532740 15638
1259533225 15482
1259535795 15482
1259536157 15482
1259537157 15490
1259615255 15547
1259709951 15578
1259711157 15581
1259712195 15453
1259847166 15446
1259859430 15504
1259880171 15543
1259881912 15578
1259882538 15567
1259882855 15555
1259969832 15669
1259970243 15677
1261428374 15681
1265034316 15681
1266965704 15775
1267750915 15931
1267751842 15942
1267923580 15967
1267923638 57348
1267924693 57378
1267925457 57387
1267995947 57382
1267996636 57382
1268435579 57367
1268847258 57392
1268848396 57669
1268858328 57707
1269296825 57719
1269299582 57728
1269385929 57957
1269638887 57955
1269639665 58090
1269639773 57965
1269647577 57955
1269975772 57555
1269983590 57591
1269983967 57591
1270032178 57591
1270074112 57588
1270543120 57601
1270632085 57617
1270633425 57627
1270648764 57635
1270649608 57635
1270651719 57677
1270710085 57677
1270714692 57835
1270800509 57856
1271193422 57856
1271197834 57873
1271249418 57870
1271281872 57897
1271284017 57892
1271284622 57892
1271285069 57892
1271368769 57908
1271423079 58001
1271423533 59507
1271425269 59491
1271426247 59493
1271431577 59499
1271436323 59668
1271457341 59672
1271505205 59708
1271543579 59736
1271544321 59895
1271591297 59894
1271714159 59901
1271778338 59891
1271778540 59891
1271778915 59885
1271802821 59885
1274824634 58113
1274944743 58115
1275254998 58120
1275302880 58221
1275347477 58365
1275401885 58396
1275402326 58399
1275402966 58399
1276610056 58412
1277845991 58402
1278513272 58420
1280047900 58562
1280051042 58529
1280051765 58527
1280052010 58546
1280052215 58546
1280236285 58657
1280253722 58635
1280415062 58652
1282177598 66711
1282244021 67392
1282254423 67394
1282325391 65206
1282331694 65215
1282332646 65258
1282333048 65259
1282385934 65261
1282396911 65281
1282398008 65301
1282602455 65301
1286656088 58838
1287489308 59480
1287520723 59609
1288362261 59674
1288364260 60693
1288775133 60687
1288784066 60966
1288823232 61254
1288823281 61208
1288824899 61232
1289296037 61203
1289299795 61000
1289302739 61319
1289304043 61270
1289304755 61214
1289305271 61202
1289305358 61208
1289310276 61208
1289310469 61591
1289315229 61654
1289315338 61648
1289316129 61650
1289318050 61651
1289322326 61695
1289340291 61723
1289344938 61690
1289345003 61769
1294308595 61804
1294310940 61911
1295871015 62013
1295883011 62017
1295883591 62020
1295950902 62141
1295952255 62185
1295969077 62186
1295970509 61722
1297430153 61725
1297440732 61815
1297441237 61848
1297441770 61870
1297442010 61906
1297445627 61867
1298906720 61883
1298935383 62284
1299542524 62296
1299879448 62283
1299882211 62395
1299884103 62489
1299885952 62569
1299889755 62579
1299921990 62726
1299922347 62726
1299922893 62726
1299945919 62770
1299947300 62782
1299947885 62782
1299949067 62782
1300523988 62813
1300637099 62722
1300658271 62553
1300893135 62552
1301613228 62626
1301646561 62626
1301646733 62643
